=============================================================================================================
(0, b'base_footprint_joint', 4, -1, -1, 0, 0.0, 0.0, 0.0, -1.0, 0.0, 0.0, b'base_footprint', (0.0, 0.0, 0.0), (0.0, 0.0, -0.14493), (0.0, 0.0, 0.0, 1.0), -1)
(1, b'inertial_joint', 4, -1, -1, 0, 0.0, 0.0, 0.0, -1.0, 0.0, 0.0, b'inertial_link', (0.0, 0.0, 0.0), (0.0, 0.0, 0.0), (0.0, 0.0, 0.0, 1.0), -1)
(2, b'imu_joint', 4, -1, -1, 0, 0.0, 0.0, 0.0, -1.0, 0.0, 0.0, b'imu_link', (0.0, 0.0, 0.0), (0.19, 0.0, 0.149), (0.7071080798594737, 0.0, 0.0, 0.7071054825112363), -1)
(3, b'front_left_wheel', 0, 7, 6, 1, 0.0, 0.0, 0.0, -1.0, 0.0, 0.0, b'front_left_wheel_link', (0.0, 1.0, 0.0), (0.256, 0.2854, 0.03282), (0.0, 0.0, 0.0, 1.0), -1)
(4, b'front_right_wheel', 0, 8, 7, 1, 0.0, 0.0, 0.0, -1.0, 0.0, 0.0, b'front_right_wheel_link', (0.0, 1.0, 0.0), (0.256, -0.2854, 0.03282), (0.0, 0.0, 0.0, 1.0), -1)
(5, b'rear_left_wheel', 0, 9, 8, 1, 0.0, 0.0, 0.0, -1.0, 0.0, 0.0, b'rear_left_wheel_link', (0.0, 1.0, 0.0), (-0.256, 0.2854, 0.03282), (0.0, 0.0, 0.0, 1.0), -1)
(6, b'rear_right_wheel', 0, 10, 9, 1, 0.0, 0.0, 0.0, -1.0, 0.0, 0.0, b'rear_right_wheel_link', (0.0, 1.0, 0.0), (-0.256, -0.2854, 0.03282), (0.0, 0.0, 0.0, 1.0), -1)
(7, b'top_chassis_joint', 4, -1, -1, 0, 0.0, 0.0, 0.0, -1.0, 0.0, 0.0, b'top_chassis_link', (0.0, 0.0, 0.0), (0.0, 0.0, 0.0), (0.0, 0.0, 0.0, 1.0), -1)
(8, b'front_bumper', 4, -1, -1, 0, 0.0, 0.0, 0.0, -1.0, 0.0, 0.0, b'front_bumper_link', (0.0, 0.0, 0.0), (0.48, 0.0, 0.091), (0.0, 0.0, 0.0, 1.0), -1)
(9, b'rear_bumper', 4, -1, -1, 0, 0.0, 0.0, 0.0, -1.0, 0.0, 0.0, b'rear_bumper_link', (0.0, 0.0, 0.0), (-0.48, 0.0, 0.091), (0.0, 0.0, 0.9999999999991198, -1.3267948966775328e-06), -1)
(10, b'dual_arm_bulkhead_joint', 4, -1, -1, 0, 0.0, 0.0, 0.0, -1.0, 0.0, 0.0, b'dual_arm_bulkhead_link', (0.0, 0.0, 0.0), (0.0, 0.0, 0.225), (0.0, 0.0, 0.0, 1.0), -1)
(11, b'husky_ptu_joint', 4, -1, -1, 0, 0.0, 0.0, 0.0, -1.0, 0.0, 0.0, b'husky_ptu_base_link', (0.0, 0.0, 0.0), (0.345, 0.010414, 0.19876), (0.0, 0.0, 0.0, 1.0), 10)
(12, b'husky_ptu_base', 4, -1, -1, 0, 0.0, 0.0, 0.0, -1.0, 0.0, 0.0, b'husky_ptu_pan_link', (0.0, 0.0, 0.0), (0.0, -0.011, 0.022), (0.0, 0.0, 0.0, 1.0), 11)
(13, b'husky_ptu_pan', 0, 11, 10, 1, 0.0, 0.0, -2.775, 2.775, 30.0, 1.0, b'husky_ptu_tilt_link', (0.0, -1.0, 0.0), (0.0, 0.0, 0.066), (0.7071080798594737, 0.0, 0.0, 0.7071054825112363), 12)
(14, b'husky_ptu_tilt', 0, 12, 11, 1, 0.0, 0.0, -0.82, 0.52, 30.0, 1.0, b'husky_ptu_tilted_link', (0.0, 1.0, 0.0), (0.0, 0.0, 0.0), (0.7071080798594737, 0.0, 0.0, 0.7071054825112363), 13)
(15, b'husky_ptu_mount', 4, -1, -1, 0, 0.0, 0.0, 0.0, -1.0, 0.0, 0.0, b'husky_ptu_mount_link', (0.0, 0.0, 0.0), (0.0, 0.0, -0.03912), (0.9999999999932537, 0.0, 0.0, 3.6732051033465744e-06), 14)
(16, b'bumblebee2_mount_joint', 4, -1, -1, 0, 0.0, 0.0, 0.0, -1.0, 0.0, 0.0, b'bumblebee2', (0.0, 0.0, 0.0), (0.0, 0.0, 0.02224), (0.0, 0.0, 0.0, 1.0), 15)
(17, b'bumblebee2_optical_joint', 4, -1, -1, 0, 0.0, 0.0, 0.0, -1.0, 0.0, 0.0, b'bumblebee2_optical', (0.0, 0.0, 0.0), (0.0, 0.0, 0.0), (0.49999999999997324, -0.49999983660255165, 0.49999999999997324, 0.5000001633974483), 16)
(18, b'l_ur5_arm_base', 4, -1, -1, 0, 0.0, 0.0, 0.0, -1.0, 0.0, 0.0, b'l_ur5_arm_base_link', (0.0, 0.0, 0.0), (0.125, 0.15, 0.135), (0.27036027643482696, 0.2705756573354005, 0.6530751546114102, 0.6535954230354452), 10)
(19, b'l_ur5_arm_shoulder_pan_joint', 0, 13, 12, 1, 0.0, 0.0, -6.283185307179586, 6.283185307179586, 150.0, 3.141592653589793, b'l_ur5_arm_shoulder_link', (0.0, 0.0, 1.0), (0.0, 0.0, 0.089159), (0.0, 0.0, 0.0, 1.0), 18)
(20, b'l_ur5_arm_shoulder_lift_joint', 0, 14, 13, 1, 0.0, 0.0, -6.283185307179586, 6.283185307179586, 150.0, 3.141592653589793, b'l_ur5_arm_upper_arm_link', (0.0, 1.0, 0.0), (0.0, 0.13585, 0.0), (0.0, -0.7071067805519557, 0.0, 0.7071067818211393), 19)
(21, b'l_ur5_arm_elbow_joint', 0, 15, 14, 1, 0.0, 0.0, -3.14159265, 3.14159265, 150.0, 3.15, b'l_ur5_arm_forearm_link', (0.0, 1.0, 0.0), (0.0, -0.1197, 0.14499999999999996), (0.0, 0.0, 0.0, 1.0), 20)
(22, b'l_ur5_arm_wrist_1_joint', 0, 16, 15, 1, 0.0, 0.0, -6.283185307179586, 6.283185307179586, 28.0, 3.141592653589793, b'l_ur5_arm_wrist_1_link', (0.0, 1.0, 0.0), (0.0, 0.0, 0.14225), (0.0, -0.7071067805519557, 0.0, 0.7071067818211393), 21)
(23, b'l_ur5_arm_wrist_2_joint', 0, 17, 16, 1, 0.0, 0.0, -6.283185307179586, 6.283185307179586, 28.0, 3.141592653589793, b'l_ur5_arm_wrist_2_link', (0.0, 0.0, 1.0), (0.0, 0.093, 0.0), (0.0, 0.0, 0.0, 1.0), 22)
(24, b'l_ur5_arm_wrist_3_joint', 0, 18, 17, 1, 0.0, 0.0, -6.283185307179586, 6.283185307179586, 28.0, 3.141592653589793, b'l_ur5_arm_wrist_3_link', (0.0, 1.0, 0.0), (0.0, 0.0, 0.09465), (0.0, 0.0, 0.0, 1.0), 23)
(25, b'l_ur5_arm_ee_fixed_joint', 4, -1, -1, 0, 0.0, 0.0, 0.0, -1.0, 0.0, 0.0, b'l_ur5_arm_ee_link', (0.0, 0.0, 0.0), (0.0, 0.0823, 0.0), (0.0, 0.0, -0.7071067805519557, 0.7071067818211393), 24)
(26, b'l_robotiq_fts300_fts_fix', 4, -1, -1, 0, 0.0, 0.0, 0.0, -1.0, 0.0, 0.0, b'l_robotiq_fts300_fts_robotside', (0.0, 0.0, 0.0), (0.0, 0.0, 0.0), (0.0, -0.706825181105366, 0.0, 0.7073882691671998), 25)
(27, b'l_robotiq_fts300_measurment_joint', 4, -1, -1, 0, 0.0, 0.0, 0.0, -1.0, 0.0, 0.0, b'l_robotiq_fts300_robotiq_force_torque_frame_id', (0.0, 0.0, 0.0), (0.0, 0.0, -0.0024999999999999988), (0.0, 0.0, 0.0, 1.0), 26)
(28, b'l_robotiq_fts300_toolside_joint', 4, -1, -1, 0, 0.0, 0.0, 0.0, -1.0, 0.0, 0.0, b'l_robotiq_fts300_fts_toolside', (0.0, 0.0, 0.0), (0.0, 0.0, 0.01875), (0.0, 0.0, 0.0, 1.0), 26)
(29, b'l_robotiq_hand_joint', 4, -1, -1, 0, 0.0, 0.0, 0.0, -1.0, 0.0, 0.0, b'left_schunk_base_link', (0.0, 0.0, 0.0), (0.0, 0.0, 0.0001), (0.0, 0.0, -0.47942553860420295, 0.8775825618903728), 28)
(30, b'left_hand_base_joint', 4, -1, -1, 0, 0.0, 0.0, 0.0, -1.0, 0.0, 0.0, b'left_hand_base_link', (0.0, 0.0, 0.0), (0.0, 0.0, 0.0), (0.0, 0.0, 0.0, 1.0), 29)
(31, b'left_hand_f4', 4, -1, -1, 0, 0.0, 0.0, 0.0, -1.0, 0.0, 0.0, b'left_hand_e1', (0.0, 0.0, 0.0), (0.0, -0.013106999999999999, -0.139371), (0.0, 0.0, 0.0, 1.0), 30)
(32, b'left_hand_Thumb_Opposition', 0, 19, 18, 1, 0.0, 0.0, 0.0, 0.9879, 1000.0, 1.0, b'left_hand_z', (0.0, 0.0, 1.0), (0.0169, 0.02626, 0.0), (0.09230556888501791, -0.09228677062823983, -0.7011287460621342, 0.7009859594636423), 31)
(33, b'left_hand_Thumb_Helper', 4, -1, -1, 0, 0.0, 0.0, 0.0, -1.0, 0.0, 0.0, b'left_hand_virtual_a', (0.0, 0.0, 0.0), (0.0, -0.002024, -0.132676), (0.7070727236967076, 2.5972231371374297e-06, 0.7071408370265622, 2.5974733313682586e-06), 32)
(34, b'left_hand_Thumb_Flexion', 0, 20, 19, 1, 0.0, 0.0, 0.0, 0.9704, 1000.0, 1.0, b'left_hand_a', (0.0, 0.0, -1.0), (0.0, 0.0, 0.0), (0.0, 0.0, -0.46638528511314775, 0.8845816897437613), 33)
(35, b'left_hand_j3', 0, 21, 20, 1, 0.0, 0.0, 0.0, 0.98506, 1000.0, 1.0, b'left_hand_b', (0.0, 0.0, -1.0), (-0.19170500000000001, -0.010733, -0.00019), (0.0, 0.0, 0.0, 1.0), 34)
(36, b'left_hand_j4', 0, 22, 21, 1, 0.0, 0.0, 0.0, 1.406, 1000.0, 1.0, b'left_hand_c', (0.0, 0.0, -1.0), (-0.093157, 0.008382, 2.7e-05), (0.0, 0.0, 0.0, 1.0), 35)
(37, b'left_hand_f1', 4, -1, -1, 0, 0.0, 0.0, 0.0, -1.0, 0.0, 0.0, b'left_hand_d', (0.0, 0.0, 0.0), (0.0, 0.0, 0.0), (0.0, 0.0, 0.0, 1.0), 31)
(38, b'left_hand_f2', 4, -1, -1, 0, 0.0, 0.0, 0.0, -1.0, 0.0, 0.0, b'left_hand_h', (0.0, 0.0, 0.0), (0.0, 0.0, 0.0), (0.0, 0.0, 0.0, 1.0), 37)
(39, b'left_hand_f3', 4, -1, -1, 0, 0.0, 0.0, 0.0, -1.0, 0.0, 0.0, b'left_hand_d2', (0.0, 0.0, 0.0), (0.0, 0.0, 0.0), (0.0, 0.0, 0.0, 1.0), 38)
(40, b'left_hand_index_spread', 0, 23, 22, 1, 0.0, 0.0, 0.0, 0.28833, 1000.0, 1.0, b'left_hand_virtual_l', (0.0, 0.0, -1.0), (0.025, 0.0, 0.11), (-0.49995183660262604, 0.49999999768028697, -0.49999999768028697, 0.5000481633973739), 39)
(41, b'left_hand_Index_Finger_Proximal', 0, 24, 23, 1, 0.0, 0.0, 0.0, 0.79849, 1000.0, 1.0, b'left_hand_l', (0.0, 0.0, 1.0), (-0.003634, -0.000206, 0.09885), (0.7070727237014776, 0.0, 0.0, 0.7071408370313328), 40)
(42, b'left_hand_Index_Finger_Distal', 0, 25, 24, 1, 0.0, 0.0, 0.0, 1.334, 1000.0, 1.0, b'left_hand_p', (0.0, 0.0, 1.0), (-0.213633, -0.003521, 0.0), (0.0, 0.0, 0.0, 1.0), 41)
(43, b'left_hand_j14', 0, 26, 25, 1, 0.0, 0.0, 0.0, 1.394, 1000.0, 1.0, b'left_hand_t', (0.0, 0.0, 1.0), (-0.1124, 0.004609, 0.0), (0.0, 0.0, 0.0, 1.0), 42)
(44, b'left_hand_middle_spread_dummy', 4, -1, -1, 0, 0.0, 0.0, 0.0, -1.0, 0.0, 0.0, b'left_hand_virtual_k', (0.0, 0.0, 0.0), (0.0, 0.0, 0.11), (-0.49995183660262604, 0.49999999768028697, -0.49999999768028697, 0.5000481633973739), 37)
(45, b'left_hand_Middle_Finger_Proximal', 0, 27, 26, 1, 0.0, 0.0, 0.0, 0.79849, 1000.0, 1.0, b'left_hand_k', (0.0, 0.0, 1.0), (-0.003357, 8e-06, 0.099643), (0.7070727237014776, 0.0, 0.0, 0.7071408370313328), 44)
(46, b'left_hand_Middle_Finger_Distal', 0, 28, 27, 1, 0.0, 0.0, 0.0, 1.334, 1000.0, 1.0, b'left_hand_o', (0.0, 0.0, 1.0), (-0.22108199999999997, -0.00413, 0.0), (0.0, 0.0, 0.0, 1.0), 45)
(47, b'left_hand_j15', 0, 29, 28, 1, 0.0, 0.0, 0.0, 1.334, 1000.0, 1.0, b'left_hand_s', (0.0, 0.0, 1.0), (-0.13483, 0.003774, 0.0), (0.0, 0.0, 0.0, 1.0), 46)
(48, b'left_hand_j5', 4, -1, -1, 0, 0.0, 0.0, 0.0, -1.0, 0.0, 0.0, b'left_hand_e2', (0.0, 0.0, 0.0), (-0.0184, 0.006, 0.0375), (0.0, 0.0, 0.0, 1.0), 31)
(49, b'left_hand_f5', 4, -1, -1, 0, 0.0, 0.0, 0.0, -1.0, 0.0, 0.0, b'left_hand_e3', (0.0, 0.0, 0.0), (-0.145071, 0.031868, -0.323449), (0.0, 0.0, 0.0, 1.0), 48)
(50, b'left_hand_f6', 4, -1, -1, 0, 0.0, 0.0, 0.0, -1.0, 0.0, 0.0, b'left_hand_e', (0.0, 0.0, 0.0), (0.0, 0.0, 0.0), (0.0, 0.0, 0.0, 1.0), 49)
(51, b'left_hand_f7', 4, -1, -1, 0, 0.0, 0.0, 0.0, -1.0, 0.0, 0.0, b'left_hand_e4', (0.0, 0.0, 0.0), (0.0, 0.0, 0.0), (0.0, 0.0, 0.0, 1.0), 50)
(52, b'left_hand_Finger_Spread', 0, 30, 29, 1, 0.0, 0.0, 0.0, 0.5829, 1000.0, 1.0, b'left_hand_virtual_i', (0.0, 0.0, -1.0), (-0.025355, 0.0, 0.056), (0.49999999768028697, 0.49999999768028697, 0.49995183660262604, 0.5000481633973739), 51)
(53, b'left_hand_Pinky', 0, 31, 30, 1, 0.0, 0.0, 0.0, 0.98175, 1000.0, 1.0, b'left_hand_i', (0.0, 0.0, 1.0), (-0.003653, -4.4e-05, -0.100085), (-0.7070727237014776, 0.0, 0.0, 0.7071408370313328), 52)
(54, b'left_hand_j13', 0, 32, 31, 1, 0.0, 0.0, 0.0, 1.334, 1000.0, 1.0, b'left_hand_m', (0.0, 0.0, 1.0), (-0.187753, -0.00622, 0.0), (0.0, 0.0, 0.0, 1.0), 53)
(55, b'left_hand_j17', 0, 33, 32, 1, 0.0, 0.0, 0.0, 1.3971, 1000.0, 1.0, b'left_hand_q', (0.0, 0.0, 1.0), (-0.097665, 0.009328, 0.0), (0.0, 0.0, 0.0, 1.0), 54)
(56, b'left_hand_f8', 4, -1, -1, 0, 0.0, 0.0, 0.0, -1.0, 0.0, 0.0, b'left_hand_e5', (0.0, 0.0, 0.0), (0.0, 0.0, 0.0), (0.0, 0.0, 0.0, 1.0), 50)
(57, b'left_hand_ring_spread', 0, 34, 33, 1, 0.0, 0.0, 0.0, 0.28833, 1000.0, 1.0, b'left_hand_virtual_j', (0.0, 0.0, -1.0), (-0.003855, 0.0, 0.0655), (0.49999999768028697, 0.49999999768028697, 0.49995183660262604, 0.5000481633973739), 56)
(58, b'left_hand_Ring_Finger', 0, 35, 34, 1, 0.0, 0.0, 0.0, 0.98175, 1000.0, 1.0, b'left_hand_j', (0.0, 0.0, 1.0), (-0.003805, -0.000386, -0.100079), (-0.7070727237014776, 0.0, 0.0, 0.7071408370313328), 57)
(59, b'left_hand_j12', 0, 36, 35, 1, 0.0, 0.0, 0.0, 1.334, 1000.0, 1.0, b'left_hand_n', (0.0, 0.0, 1.0), (-0.20824299999999998, 0.00154, 0.0), (0.0, 0.0, 0.0, 1.0), 58)
(60, b'left_hand_j16', 0, 37, 36, 1, 0.0, 0.0, 0.0, 1.395, 1000.0, 1.0, b'left_hand_r', (0.0, 0.0, 1.0), (-0.134851, 0.00362, 0.0), (0.0, 0.0, 0.0, 1.0), 59)
(61, b'l_ur5_arm_wrist_3_link_tool0_fixed_joint', 4, -1, -1, 0, 0.0, 0.0, 0.0, -1.0, 0.0, 0.0, b'l_ur5_arm_tool0', (0.0, 0.0, 0.0), (0.0, 0.0823, 0.0), (0.7071067805519557, 0.0, 0.0, 0.7071067818211393), 24)
(62, b'l_ur5_arm_tool0_to_l_tcp_fixed_joint', 4, -1, -1, 0, 0.0, 0.0, 0.0, -1.0, 0.0, 0.0, b'l_tcp', (0.0, 0.0, 0.0), (0.0, 0.0, 0.0), (0.0, 0.7071067805519557, 0.0, 0.7071067818211393), 61)
(63, b'l_ur5_arm_base_link_base_fixed_joint', 4, -1, -1, 0, 0.0, 0.0, 0.0, -1.0, 0.0, 0.0, b'l_ur5_arm_base', (0.0, 0.0, 0.0), (0.0, 0.0, 0.0), (0.0, 0.0, 1.0, 1.7948965149208059e-09), 18)
(64, b'r_ur5_arm_base', 4, -1, -1, 0, 0.0, 0.0, 0.0, -1.0, 0.0, 0.0, b'r_ur5_arm_base_link', (0.0, 0.0, 0.0), (0.125, -0.15, 0.135), (-0.27036027643482696, -0.2705756573354005, 0.6530751546114102, 0.6535954230354452), 10)
(65, b'r_ur5_arm_shoulder_pan_joint', 0, 38, 37, 1, 0.0, 0.0, -6.283185307179586, 6.283185307179586, 150.0, 3.141592653589793, b'r_ur5_arm_shoulder_link', (0.0, 0.0, 1.0), (0.0, 0.0, 0.089159), (0.0, 0.0, 0.0, 1.0), 64)
(66, b'r_ur5_arm_shoulder_lift_joint', 0, 39, 38, 1, 0.0, 0.0, -6.283185307179586, 6.283185307179586, 150.0, 3.141592653589793, b'r_ur5_arm_upper_arm_link', (0.0, 1.0, 0.0), (0.0, 0.13585, 0.0), (0.0, -0.7071067805519557, 0.0, 0.7071067818211393), 65)
(67, b'r_ur5_arm_elbow_joint', 0, 40, 39, 1, 0.0, 0.0, -3.141592653589793, 3.141592653589793, 150.0, 3.141592653589793, b'r_ur5_arm_forearm_link', (0.0, 1.0, 0.0), (0.0, -0.1197, 0.14499999999999996), (0.0, 0.0, 0.0, 1.0), 66)
(68, b'r_ur5_arm_wrist_1_joint', 0, 41, 40, 1, 0.0, 0.0, -6.283185307179586, 6.283185307179586, 28.0, 3.141592653589793, b'r_ur5_arm_wrist_1_link', (0.0, 1.0, 0.0), (0.0, 0.0, 0.14225), (0.0, -0.7071067805519557, 0.0, 0.7071067818211393), 67)
(69, b'r_ur5_arm_wrist_2_joint', 0, 42, 41, 1, 0.0, 0.0, -6.283185307179586, 6.283185307179586, 28.0, 3.141592653589793, b'r_ur5_arm_wrist_2_link', (0.0, 0.0, 1.0), (0.0, 0.093, 0.0), (0.0, 0.0, 0.0, 1.0), 68)
(70, b'r_ur5_arm_wrist_3_joint', 0, 43, 42, 1, 0.0, 0.0, -6.283185307179586, 6.283185307179586, 28.0, 3.141592653589793, b'r_ur5_arm_wrist_3_link', (0.0, 1.0, 0.0), (0.0, 0.0, 0.09465), (0.0, 0.0, 0.0, 1.0), 69)
(71, b'r_ur5_arm_ee_fixed_joint', 4, -1, -1, 0, 0.0, 0.0, 0.0, -1.0, 0.0, 0.0, b'r_ur5_arm_ee_link', (0.0, 0.0, 0.0), (0.0, 0.0823, 0.0), (0.0, 0.0, -0.7071067805519557, 0.7071067818211393), 70)
(72, b'r_robotiq_fts300_fts_fix', 4, -1, -1, 0, 0.0, 0.0, 0.0, -1.0, 0.0, 0.0, b'r_robotiq_fts300_fts_robotside', (0.0, 0.0, 0.0), (0.0, 0.0, 0.0), (0.0, -0.706825181105366, 0.0, 0.7073882691671998), 71)
(73, b'r_robotiq_fts300_measurment_joint', 4, -1, -1, 0, 0.0, 0.0, 0.0, -1.0, 0.0, 0.0, b'r_robotiq_fts300_robotiq_force_torque_frame_id', (0.0, 0.0, 0.0), (0.0, 0.0, -0.0024999999999999988), (0.0, 0.0, 0.0, 1.0), 72)
(74, b'r_robotiq_fts300_toolside_joint', 4, -1, -1, 0, 0.0, 0.0, 0.0, -1.0, 0.0, 0.0, b'r_robotiq_fts300_fts_toolside', (0.0, 0.0, 0.0), (0.0, 0.0, 0.01875), (0.0, 0.0, 0.0, 1.0), 72)
(75, b'r_robotiq_hand_joint', 4, -1, -1, 0, 0.0, 0.0, 0.0, -1.0, 0.0, 0.0, b'right_schunk_base_link', (0.0, 0.0, 0.0), (0.0, 0.0, 0.0001), (0.0, 0.0, -0.47942553860420295, 0.8775825618903728), 74)
(76, b'right_hand_base_joint', 4, -1, -1, 0, 0.0, 0.0, 0.0, -1.0, 0.0, 0.0, b'right_hand_base_link', (0.0, 0.0, 0.0), (0.0, 0.0, 0.0), (0.0, 0.0, 0.0, 1.0), 75)
(77, b'right_hand_f4', 4, -1, -1, 0, 0.0, 0.0, 0.0, -1.0, 0.0, 0.0, b'right_hand_e1', (0.0, 0.0, 0.0), (0.0, -0.013106999999999999, -0.139371), (0.0, 0.0, 0.0, 1.0), 76)
(78, b'right_hand_Thumb_Opposition', 0, 44, 43, 1, 0.0, 0.0, 0.0, 0.9879, 1000.0, 1.0, b'right_hand_z', (0.0, 0.0, -1.0), (-0.0169, 0.02626, 0.0), (0.09230556888501791, -0.09228677062823983, -0.7011287460621342, 0.7009859594636423), 77)
(79, b'right_hand_Thumb_Helper', 4, -1, -1, 0, 0.0, 0.0, 0.0, -1.0, 0.0, 0.0, b'right_hand_virtual_a', (0.0, 0.0, 0.0), (0.0, -0.002024, -0.132676), (0.7070727236967076, 2.5972231371374297e-06, 0.7071408370265622, 2.5974733313682586e-06), 78)
(80, b'right_hand_Thumb_Flexion', 0, 45, 44, 1, 0.0, 0.0, 0.0, 0.9704, 1000.0, 1.0, b'right_hand_a', (0.0, 0.0, 1.0), (0.0, 0.0, 0.0), (0.0, 0.0, 0.46638528511314775, 0.8845816897437613), 79)
(81, b'right_hand_j3', 0, 46, 45, 1, 0.0, 0.0, 0.0, 0.98506, 1000.0, 1.0, b'right_hand_b', (0.0, 0.0, 1.0), (-0.19170500000000001, -0.010733, -0.00019), (0.0, 0.0, 0.0, 1.0), 80)
(82, b'right_hand_j4', 0, 47, 46, 1, 0.0, 0.0, 0.0, 1.406, 1000.0, 1.0, b'right_hand_c', (0.0, 0.0, 1.0), (-0.093157, 0.008382, 2.7e-05), (0.0, 0.0, 0.0, 1.0), 81)
(83, b'right_hand_f1', 4, -1, -1, 0, 0.0, 0.0, 0.0, -1.0, 0.0, 0.0, b'right_hand_d', (0.0, 0.0, 0.0), (0.0, 0.0, 0.0), (0.0, 0.0, 0.0, 1.0), 77)
(84, b'right_hand_f2', 4, -1, -1, 0, 0.0, 0.0, 0.0, -1.0, 0.0, 0.0, b'right_hand_h', (0.0, 0.0, 0.0), (0.0, 0.0, 0.0), (0.0, 0.0, 0.0, 1.0), 83)
(85, b'right_hand_f3', 4, -1, -1, 0, 0.0, 0.0, 0.0, -1.0, 0.0, 0.0, b'right_hand_d2', (0.0, 0.0, 0.0), (0.0, 0.0, 0.0), (0.0, 0.0, 0.0, 1.0), 84)
(86, b'right_hand_index_spread', 0, 48, 47, 1, 0.0, 0.0, 0.0, 0.28833, 1000.0, 1.0, b'right_hand_virtual_l', (0.0, 0.0, 1.0), (-0.025, 0.0, 0.11), (-0.49995183660262604, 0.49999999768028697, -0.49999999768028697, 0.5000481633973739), 85)
(87, b'right_hand_Index_Finger_Proximal', 0, 49, 48, 1, 0.0, 0.0, 0.0, 0.79849, 1000.0, 1.0, b'right_hand_l', (0.0, 0.0, 1.0), (-0.003634, -0.000206, 0.09885), (0.7070727237014776, 0.0, 0.0, 0.7071408370313328), 86)
(88, b'right_hand_Index_Finger_Distal', 0, 50, 49, 1, 0.0, 0.0, 0.0, 1.334, 1000.0, 1.0, b'right_hand_p', (0.0, 0.0, 1.0), (-0.213633, -0.003521, 0.0), (0.0, 0.0, 0.0, 1.0), 87)
(89, b'right_hand_j14', 0, 51, 50, 1, 0.0, 0.0, 0.0, 1.394, 1000.0, 1.0, b'right_hand_t', (0.0, 0.0, 1.0), (-0.1124, 0.004609, 0.0), (0.0, 0.0, 0.0, 1.0), 88)
(90, b'right_hand_middle_spread_dummy', 4, -1, -1, 0, 0.0, 0.0, 0.0, -1.0, 0.0, 0.0, b'right_hand_virtual_k', (0.0, 0.0, 0.0), (0.0, 0.0, 0.11), (-0.49995183660262604, 0.49999999768028697, -0.49999999768028697, 0.5000481633973739), 83)
(91, b'right_hand_Middle_Finger_Proximal', 0, 52, 51, 1, 0.0, 0.0, 0.0, 0.79849, 1000.0, 1.0, b'right_hand_k', (0.0, 0.0, 1.0), (-0.003357, 8e-06, 0.099643), (0.7070727237014776, 0.0, 0.0, 0.7071408370313328), 90)
(92, b'right_hand_Middle_Finger_Distal', 0, 53, 52, 1, 0.0, 0.0, 0.0, 1.334, 1000.0, 1.0, b'right_hand_o', (0.0, 0.0, 1.0), (-0.22108199999999997, -0.00413, 0.0), (0.0, 0.0, 0.0, 1.0), 91)
(93, b'right_hand_j15', 0, 54, 53, 1, 0.0, 0.0, 0.0, 1.334, 1000.0, 1.0, b'right_hand_s', (0.0, 0.0, 1.0), (-0.13483, 0.003774, 0.0), (0.0, 0.0, 0.0, 1.0), 92)
(94, b'right_hand_j5', 4, -1, -1, 0, 0.0, 0.0, 0.0, -1.0, 0.0, 0.0, b'right_hand_e2', (0.0, 0.0, 0.0), (0.0184, 0.006, 0.0375), (0.0, 0.0, 0.0, 1.0), 77)
(95, b'right_hand_f5', 4, -1, -1, 0, 0.0, 0.0, 0.0, -1.0, 0.0, 0.0, b'right_hand_e3', (0.0, 0.0, 0.0), (-0.145071, 0.031868, -0.323449), (0.0, 0.0, 0.0, 1.0), 94)
(96, b'right_hand_f6', 4, -1, -1, 0, 0.0, 0.0, 0.0, -1.0, 0.0, 0.0, b'right_hand_e', (0.0, 0.0, 0.0), (0.0, 0.0, 0.0), (0.0, 0.0, 0.0, 1.0), 95)
(97, b'right_hand_f7', 4, -1, -1, 0, 0.0, 0.0, 0.0, -1.0, 0.0, 0.0, b'right_hand_e4', (0.0, 0.0, 0.0), (0.0, 0.0, 0.0), (0.0, 0.0, 0.0, 1.0), 96)
(98, b'right_hand_Finger_Spread', 0, 55, 54, 1, 0.0, 0.0, 0.0, 0.5829, 1000.0, 1.0, b'right_hand_virtual_i', (0.0, 0.0, 1.0), (0.025355, 0.0, 0.056), (0.49999999768028697, 0.49999999768028697, 0.49995183660262604, 0.5000481633973739), 97)
(99, b'right_hand_Pinky', 0, 56, 55, 1, 0.0, 0.0, 0.0, 0.98175, 1000.0, 1.0, b'right_hand_i', (0.0, 0.0, 1.0), (-0.003653, -4.4e-05, -0.100085), (-0.7070727237014776, 0.0, 0.0, 0.7071408370313328), 98)
(100, b'right_hand_j13', 0, 57, 56, 1, 0.0, 0.0, 0.0, 1.334, 1000.0, 1.0, b'right_hand_m', (0.0, 0.0, 1.0), (-0.187753, -0.00622, 0.0), (0.0, 0.0, 0.0, 1.0), 99)
(101, b'right_hand_j17', 0, 58, 57, 1, 0.0, 0.0, 0.0, 1.3971, 1000.0, 1.0, b'right_hand_q', (0.0, 0.0, 1.0), (-0.097665, 0.009328, 0.0), (0.0, 0.0, 0.0, 1.0), 100)
(102, b'right_hand_f8', 4, -1, -1, 0, 0.0, 0.0, 0.0, -1.0, 0.0, 0.0, b'right_hand_e5', (0.0, 0.0, 0.0), (0.0, 0.0, 0.0), (0.0, 0.0, 0.0, 1.0), 96)
(103, b'right_hand_ring_spread', 0, 59, 58, 1, 0.0, 0.0, 0.0, 0.28833, 1000.0, 1.0, b'right_hand_virtual_j', (0.0, 0.0, 1.0), (0.003855, 0.0, 0.0655), (0.49999999768028697, 0.49999999768028697, 0.49995183660262604, 0.5000481633973739), 102)
(104, b'right_hand_Ring_Finger', 0, 60, 59, 1, 0.0, 0.0, 0.0, 0.98175, 1000.0, 1.0, b'right_hand_j', (0.0, 0.0, 1.0), (-0.003805, -0.000386, -0.100079), (-0.7070727237014776, 0.0, 0.0, 0.7071408370313328), 103)
(105, b'right_hand_j12', 0, 61, 60, 1, 0.0, 0.0, 0.0, 1.334, 1000.0, 1.0, b'right_hand_n', (0.0, 0.0, 1.0), (-0.20824299999999998, 0.00154, 0.0), (0.0, 0.0, 0.0, 1.0), 104)
(106, b'right_hand_j16', 0, 62, 61, 1, 0.0, 0.0, 0.0, 1.395, 1000.0, 1.0, b'right_hand_r', (0.0, 0.0, 1.0), (-0.134851, 0.00362, 0.0), (0.0, 0.0, 0.0, 1.0), 105)
(107, b'r_ur5_arm_wrist_3_link_tool0_fixed_joint', 4, -1, -1, 0, 0.0, 0.0, 0.0, -1.0, 0.0, 0.0, b'r_ur5_arm_tool0', (0.0, 0.0, 0.0), (0.0, 0.0823, 0.0), (0.7071067805519557, 0.0, 0.0, 0.7071067818211393), 70)
(108, b'r_ur5_arm_tool0_to_r_tcp_fixed_joint', 4, -1, -1, 0, 0.0, 0.0, 0.0, -1.0, 0.0, 0.0, b'r_tcp', (0.0, 0.0, 0.0), (0.0, 0.0, 0.0), (0.0, 0.7071067805519557, 0.0, 0.7071067818211393), 107)
(109, b'r_ur5_arm_base_link_base_fixed_joint', 4, -1, -1, 0, 0.0, 0.0, 0.0, -1.0, 0.0, 0.0, b'r_ur5_arm_base', (0.0, 0.0, 0.0), (0.0, 0.0, 0.0), (0.0, 0.0, 1.0, 1.7948965149208059e-09), 64)
=============================================================================================================

